16097558532194481700
5807174836616567540
698598587335884302
10081302555622211925
17241538136564993819
5787693395720723033
507060051446242812
9747916075106456174
7838948742328986101
8631341598078949433
17029280168021497487
17322035899558071852
4607985371498756911
10353366622201474956
3510280922504594125
16487757948537822846
13170166429634906695
3765807272179522312
8424427868426843293
14790961440465820189
13523998763756992948
2381559334556594852
2192087281396336159
7954345559808320657
4472446422525416479
1762547101042933818
13572965574921876979
7677816422295791964
16032385320186443859
6203542126030902658
7829337873789695167
6243704033370094514
16346930376460102287
9341084517154431501
5201473107500644001
7600888747094389071
15360673347035807357
2629917171161186122
11288809608604979517
15768948441367592690
7860979149129509226
7444722388902973137
778633580880878693
11706262901593189158
17761610016664978644
9474649176422917102
5649745717105804260
13799730557239325201
4586631808604184312
1210868272775957490
1045458684611015356
15340668417329360228
3761482454312872315
13961515670366467018
4782914067962754811
13543584983085749112
13857534186218581453
1162353334836275761
18023102336408623748
606767448867634578
3980600173780295649
7319761015904403619
9843686645021284898
1501037136783072029
18002680212449755030
16737792201772987136
2577144935665079723
14845324688487774234
14625347696813724807
1795270985306032748
7816744953037505954
16770017797536944678
1119675977885736618
5554586617156947553
842920282432982307
17804307507107180008
65932281055454396
8183064066778372452
9989210335341000617
33106064022781881
6930157437542077089
16785478998793160687
18152383584253068132
8867104133698751386
17360225363792520886
4662837564157333095
6949057625606123455
6094681625133741136
15283248983486794504
18008843325536159622
11550203091296324066
17418354126219605372
18104629555719887863
2321714844129781663
10957417046008824523
12565169048558858984
13882337017778489638
958057925848841932
5913116759554695969
8679363023710213955
9377693914973055049
13220955894375569841
15917763595237774190
2512987652212758726
10114679175909657773
14417420831190633615
7087572148472865624
6661978278236659584
12201651261560345206
4434620279066658803
18110299780736942593
12827457039906281391
5669561840117638426
7688090064967719122
380613427312224338
7672349779582421580
12673731674139206725
10276358950579260249
16556693759185407922
442942632380735053
5531260640127406947
9820356334074710619
7733454826119812158
13223477888755431608
14242340658306532357
6585456612929109278
5519079005680381614
2303894796105111113
6141215583260001096
16233327501259322924
16496638882347643435
16461825807911060209
12023395030586091737
10599977689566767278
7020258100713134908
12758648238853791279
13912808349925862957
9540426721421444936
14803407318512834222
14569129673458594677
7598599832231953194
18026675216775275879
10624008613094588888
13712044623287994409
17746637568696587915
3102227732149235971
17403033354741570287
854106245801001012
2812547991715096587
7643763612833014183
2059087600666181354
16157715378976530219
1078427109656168437
6682870625654157764
6150676345767839411
9539218983650704717
3487477122357936014
11557219343158996622
15067490072115658798
3808532991863948019
14515012608355202954
5322861201594428872
16647883995777294358
15755064446949106771
5938298404196282690
11906950803546962609
10092720321363560180
9060769261069348411
15641125546236759163
1683375109617113117
4538310752805973321
5237655446312257562
7377108492455953675
13644006092893143082
15675338615539857025
9649159847650339310
10908886942331395827
1973252474433542651
6279495973015615199
6280860869230952113
16424063188888400492
164478743815268439
2204146311483310155
2560655054061862662
3603282002475180752
13532156903740419498
13579821807749317016
4333910034474998906
13931162426234735386
12898487013906125601
1839679398965267798
16894745904725245940
9061705993150949107
11118757626429179417
3210020821621451159
2515996439543930760
14410075928505997931
17822847297228998805
712777910883464991
1790149246129612678
4633266014013598088
17341711872081787599
12296677907459465794
13436517176810647426
11304027339995950236
8148905610235274162
7283999307495205819
8116363282510843926
1188622589555219328
16399397142001565010
18130011237090842478
8937265374282186996
18094756247591699438
15326677348956593984
11890655522751093843
15642647572694401132
1581024048600678019
5390879855358186182
5884152069037772045
6100627759463764638
16327478746065918156
15452847387472966126
2686166928792651681
4994850057135812857
9293730483745903857
16338027226780755205
8258799649477286414
17194883523877781123
6731633104993675280
16950264801898366061
900314332781864784
16385204400092586868
1620141450222900446
9020984622322552961
12734998292758346166
13617330304519423360
13016369086963716412
4955674437766239463
948864422410248315
2107075079885454516
5641642065442178012
16458388938241858848
2757868388618232023
17103201872556331967
16088086103103450967
16453007795813115936
12070305248956550836
16529912154101646035
15526331247231489837
821032766382661668
9532167733786500515
8594291982430271696
964318697826770552
5325348888797972798
17666663652539329021
6169784457543324020
15660197483472983310
142496215749228348
15144951125002043052
2085654821741028202
4657464252398552636
6821603579068617004
9179559287248281031
10976925327226216164
281584774233767578
15643769561224738087
2109767939516486410
12058534254661070075
13148331201497826238
3472195133416995445
4705308203493404215
335872482433156787
16028529427779368435
7290228673006954110
15286147054029424752
11240305071784253111
17257188372709449612
2265051676829657519
14186582643800548448
4898574605825864769
5208830875777669114
12402988182788701784
8632537749207602538
9336779167598342446
12435933214100414779
12906717361159460241
8554303410136412887
737376503993544822
3892140989388322189
12379453406835003419
2912424731297913103
2536768575912295214
14608284982827592593
12262523266030576215
1439190093460596070
8176559310743384151
12573514196212210600
393882561541550234
13689653620957169124
14857274177470052219
10189550054086582844
4418688278385031659
3996398502332308717
6113436302786026380
17372570235820141245
4302410363597267115
4791104185775092576
1175912232784755304
13675559902822802555
1426337067944602202
16342763858210897087
8839979219431992485
856771839941739149
7910592630835429434
2329204091215645023
2646574249692561296
10815342139203678253
13522890003219945559
4820229284889363276
202588366738387218
6783114871744533804
18386109384869798249
492463498554534868
9229194676288410465
7087003611662125219
7356346331720550202
796219307977067785
9229284367786317218
2982997015863439129
14024186757801450009
11369710317934563231
8170612561518000550
18007151794396668245
10890626862330676969
1192921621708011187
3710590025531205651
7322767766881047787
11866294801646788930
15590299346575155567
15420721189917292166
6335401435663971491
5077944882809367823
4434603027364244898
6142719303119974947
15531371938822105862
18038721477614545693
1465362622174270628
8880000816726865720
2558369727277559757
16000281508325461802
12554789407829098048
15941153031834080670
14570840271545740158
14684234267363641070
9959276156651997963
11733132195018769012
6633504467020094461
18199612696889977167
15096304919560085517
8659293889007118060
17318951270956835699
9623415414405129530
10557412284288393264
6325891380893744938
5203559434792751657
12111918072474364996
4846651029791868187
18253618311310050464
16927404256418210753
3902926251462639338
3288940963936769409
978473620156608095
18031038128431751627
9605247903731226783
5834913039528987935
3180814709937722910
880864057106246020
3410063000850886502
2674621840317248912
12211925650334486506
8187192228224986055
11612750692235839277
13308457979513505118
16494657459796030829
12623914240279089578
18273139394584936034
10732763785831823844
14029510815128630209
5105692582696211703
12606592261463359968
18305379884982268881
17874162478605498682
11440403901663191697
4038596978468373096
16504455341819823624
8356815313146697102
17745632535050962486
11868577094631448276
12671013995209895612
7575665533007515239
1005877813962548201
7001887109754197957
11672057712511594859
13505811057828768321
17322832706478980344
16888990584601639425
12252417943595687155
11641523245821063115
12716335768761389886
14650361584036511269
13942761681502306490
2108189482918517555
1855249224368380753
8193918195033383281
9160166383236938101
9110653686431607621
14735127824173735915
1898322407635094628
15505754641224242717
13559047543381139596
12910088682785979397
8652414889549702459
16097975941442994738
9311726723802420919
2560372976030157376
11027251942782953972
14244124744715200578
17085479261623790908
1610909510390756000
934110040433049634
12984346777520029379
10543880564642081901
8414451922591344794
825053017232910683
11730199360895765129
2375032245770729509
6319379672921312122
18148149368258965438
17423430029363115462
9285087677499888331
16352763344202983981
2046506624550121912
10529440250588213533
284261966509669457
1866600365766286767
2817200283567913757
10616240523786289208
13042701057708607031
3045380940062061815
8207036750887811766
4071256960227053802
10016047313934131641
16198399091723133720
2241936172892536719
11742794601709451636
11682910984203409943
9278810069058656456
4155830574828505081
965572406078478912
18028223105913828713
12686323285130060864
12002501778464649847
4582723824386142816
9926484078344277235
1616214424925389472
13580419074135331142
13478317747695827905
16040373310074173411
17176461568651174040
14080522289786317464
13020025601727109576
5017052343359563631
18399328712563741124
6927915849657569910
16968238847744885680
13397592311218334003
7070941845625351453
5218933995433780318
13329344549319525640
11159233301177392532
13544315417238728845
4243034508469305596
8228413775744613949
11005377925688764739
2434490877019703464
17488475518612245331
14636170135571397731
574993748768417377
694637025821610768
9869742767882429400
10298059682004288630
14123724365208194826
17316619931495970051
7764833769018302764
16352987378785588046
3724525263037042474
17419570937258742751
14954496224686462202
8053222807065967188
16638950572238874690
17348615855163162931
17231786490273140443
10458066377776265934
14328080801755014498
9529834935011611797
9325801836491992989
7900637811669622083
6221764730670518584
6213891679414467156
17695186991913430538
1562120442097154190
13163933763856055983
16250198990814613118
17190437421231469058
16248051876289859488
5803972519304679851
13006436032342972966
12669104119608486386
6591928697090421989
14832678488675143647
9084038193430951750
17520838620100046603
14664216826572043790
9821090001758316447
2092267288362827684
155494402101285098
17171162194933442441
1880450854644217745
10144681040803368487
1286267696716737181
5563482540706249812
12628942077744042862
18000277151652728704
12312817908481786304
2953495793237111423
12936295011006183859
16441393784306419206
17329825255582401542
8520088094630340496
17608680591776601496
15635181935560266689
3064651066903276843
8077150067423432007
1574294936463749631
14635599974624714618
15602297691237958881
15722299285840996458
4961665250211451917
14261169037961013372
12253354559196191588
9629715791701385067
2571056429183278160
17301862321760374275
4308295925687822210
15286645061020367756
174269389821192189
17300922453261240277
1703777863728999238
15242878545752257944
17955462972772480778
1674536369598016544
8509483175866734309
1856477350011404569
8400760632725335433
13222840793901012976
17224617304791946802
12502999593265668113
11988707798047103664
12662524218869111098
9974438862814119107
976810545099311775
14394952887572280044
4950890332450031091
5293488911818209197
7177354852900918632
7756179199005996199
7822769724311215787
13363315610674086132
16614193936784310408
5165159796978608252
2819541035875157866
8026534530718423315
4984719428020865659
48973326229166038
17833849445079620234
10156022832236259538
17468584877632166709
5502044537263564211
12381151252830518185
10067244847032706161
4836865716328922662
889143124220944139
7976516255983327856
10918122915699310498
7353413004394574120
11698763024654812046
14052806668160128360
1824486335265370821
9844669241875783710
1915122095182748443
17970972382692794647
7474421408326934011
8276340584506290231
1017971134885508231
11193180331506634701
13643082411582287761
18345105394863468980
6504269400859377095
2193114488017184855
11070096631736344623
14868719480672509415
12835902894622557224
15008137637782005291
1611269496388554081
17373012529354855469
1155622628985893645
13347013381157944611
1639804837417820188
6168944521026767993
11215503534569791146
17552522166047515039
16688110082235590234
4976654995090901747
14874685034262156397
12943030474334480481
11014351561902232494
5312199071110085538
11496214865011934178
8406940430700628662
4284171460975257155
3286224039161773732
5521189536937498676
17097967474878486337
2453218895376081708
1761956192333879880
14104472580823428004
3940194949897741933
2599607777146048509
11888299219194850343
14617171445439073748
14185169348114932827
15919469828097171905
11768790138815167933
11507553349859503107
8644031541105706502
8935311578125950159
10075536112458284914
7402358056266605937
